Computing network status...

--------------------------------------------------------------------------------------------------------------------------------------------
                 Layer ()         Weight Shape      Bias Shape         Output Shape    ActivationSize (Bytes)       # Params      Time (ms)
============================================================================================================================================
                 Conv2d-1        [64, 3, 3, 3]            None    [[1, 64, 32, 32]]                   262,144          1,728         0.6216
            BatchNorm2d-2                 [64]            [64]    [[1, 64, 32, 32]]                   262,144            128         0.1142
                 Conv2d-3       [64, 64, 3, 3]            None    [[1, 64, 32, 32]]                   262,144         36,864         0.1574
            BatchNorm2d-4                 [64]            [64]    [[1, 64, 32, 32]]                   262,144            128         0.0937
                 Conv2d-5       [64, 64, 3, 3]            None    [[1, 64, 32, 32]]                   262,144         36,864         0.1509
            BatchNorm2d-6                 [64]            [64]    [[1, 64, 32, 32]]                   262,144            128         0.0913
             BasicBlock-7                 None            None    [[1, 64, 32, 32]]                   262,144              0         0.0839
                 Conv2d-8       [64, 64, 3, 3]            None    [[1, 64, 32, 32]]                   262,144         36,864         0.1223
            BatchNorm2d-9                 [64]            [64]    [[1, 64, 32, 32]]                   262,144            128         0.0908
                Conv2d-10       [64, 64, 3, 3]            None    [[1, 64, 32, 32]]                   262,144         36,864         0.1450
           BatchNorm2d-11                 [64]            [64]    [[1, 64, 32, 32]]                   262,144            128         0.0894
            BasicBlock-12                 None            None    [[1, 64, 32, 32]]                   262,144              0         0.1090
                Conv2d-13      [128, 64, 3, 3]            None   [[1, 128, 16, 16]]                   131,072         73,728         0.1042
           BatchNorm2d-14                [128]           [128]   [[1, 128, 16, 16]]                   131,072            256         0.0877
                Conv2d-15     [128, 128, 3, 3]            None   [[1, 128, 16, 16]]                   131,072        147,456         0.1416
           BatchNorm2d-16                [128]           [128]   [[1, 128, 16, 16]]                   131,072            256         0.0863
                Conv2d-17      [128, 64, 1, 1]            None   [[1, 128, 16, 16]]                   131,072          8,192         0.1125
           BatchNorm2d-18                [128]           [128]   [[1, 128, 16, 16]]                   131,072            256         0.0849
            BasicBlock-19                 None            None   [[1, 128, 16, 16]]                   131,072              0         0.0732
                Conv2d-20     [128, 128, 3, 3]            None   [[1, 128, 16, 16]]                   131,072        147,456         0.1125
           BatchNorm2d-21                [128]           [128]   [[1, 128, 16, 16]]                   131,072            256         0.0882
                Conv2d-22     [128, 128, 3, 3]            None   [[1, 128, 16, 16]]                   131,072        147,456         0.1407
           BatchNorm2d-23                [128]           [128]   [[1, 128, 16, 16]]                   131,072            256         0.0861
            BasicBlock-24                 None            None   [[1, 128, 16, 16]]                   131,072              0         0.0765
                Conv2d-25     [256, 128, 3, 3]            None     [[1, 256, 8, 8]]                    65,536        294,912         0.1161
           BatchNorm2d-26                [256]           [256]     [[1, 256, 8, 8]]                    65,536            512         0.0868
                Conv2d-27     [256, 256, 3, 3]            None     [[1, 256, 8, 8]]                    65,536        589,824         0.1357
           BatchNorm2d-28                [256]           [256]     [[1, 256, 8, 8]]                    65,536            512         0.0911
                Conv2d-29     [256, 128, 1, 1]            None     [[1, 256, 8, 8]]                    65,536         32,768         0.1161
           BatchNorm2d-30                [256]           [256]     [[1, 256, 8, 8]]                    65,536            512         0.0896
            BasicBlock-31                 None            None     [[1, 256, 8, 8]]                    65,536              0         0.0737
                Conv2d-32     [256, 256, 3, 3]            None     [[1, 256, 8, 8]]                    65,536        589,824         0.1066
           BatchNorm2d-33                [256]           [256]     [[1, 256, 8, 8]]                    65,536            512         0.0861
                Conv2d-34     [256, 256, 3, 3]            None     [[1, 256, 8, 8]]                    65,536        589,824         0.1276
           BatchNorm2d-35                [256]           [256]     [[1, 256, 8, 8]]                    65,536            512         0.0856
            BasicBlock-36                 None            None     [[1, 256, 8, 8]]                    65,536              0         0.0825
                Conv2d-37     [512, 256, 3, 3]            None     [[1, 512, 4, 4]]                    32,768      1,179,648         0.1166
           BatchNorm2d-38                [512]           [512]     [[1, 512, 4, 4]]                    32,768          1,024         0.1233
                Conv2d-39     [512, 512, 3, 3]            None     [[1, 512, 4, 4]]                    32,768      2,359,296         0.1392
           BatchNorm2d-40                [512]           [512]     [[1, 512, 4, 4]]                    32,768          1,024         0.0861
                Conv2d-41     [512, 256, 1, 1]            None     [[1, 512, 4, 4]]                    32,768        131,072         0.1197
           BatchNorm2d-42                [512]           [512]     [[1, 512, 4, 4]]                    32,768          1,024         0.0858
            BasicBlock-43                 None            None     [[1, 512, 4, 4]]                    32,768              0         0.0725
                Conv2d-44     [512, 512, 3, 3]            None     [[1, 512, 4, 4]]                    32,768      2,359,296         0.1118
           BatchNorm2d-45                [512]           [512]     [[1, 512, 4, 4]]                    32,768          1,024         0.0861
                Conv2d-46     [512, 512, 3, 3]            None     [[1, 512, 4, 4]]                    32,768      2,359,296         0.1359
           BatchNorm2d-47                [512]           [512]     [[1, 512, 4, 4]]                    32,768          1,024         0.0889
            BasicBlock-48                 None            None     [[1, 512, 4, 4]]                    32,768              0         0.0758
                Linear-49           [100, 512]           [100]           [[1, 100]]                       400         51,300         0.1304
                ResNet-50                 None            None           [[1, 100]]                       400              0         0.0515
--------------------------------------------------------------------------------------------------------------------------------------------

+---------------------------------------------------------------+
|                    Neutrino Model Profiler                    |
+-----------------------------------------+---------------------+
|             Param Name (Original Model) |                Value|
|                   Backend: TorchBackend |                     |
+-----------------------------------------+---------------------+
|                   Evaluation Metric (%) |              76.8295|
|                         Model Size (MB) |              42.8014|
|     Computational Complexity (GigaMACs) |               0.5567|
|             Total Parameters (Millions) |              11.2201|
|                   Memory Footprint (MB) |              48.4389|
|                     Execution Time (ms) |               2.6537|
+-----------------------------------------+---------------------+